#
#   Mass - radius relations for iron core WDs with:
#   a helium envelope:    M_{He}/M_{*} = 10^{-2}
#   a hydrogen envelope:  M_{H}/M_{*} = 10^{-5}
#   in units of WD stellar mass.
#
#   T_{eff}:   effective temperature (in 10^3 K)
#   M/Mo:      stellar mass in units of solar masses
#   100 R/Ro:  100 x [stellar radius in units of solar radius]
#
# T_{eff}[10^3 K]   M/Mo     100 R/Ro
#
   5.0000000    0.4000000    1.2378562
  15.0000000    0.4000000    1.3273772
  25.0000000    0.4000000    1.4135604
  35.0000000    0.4000000    1.5075434
  45.0000000    0.4000000    1.6209969
  55.0000000    0.4000000    1.7664998
  70.0000000    0.4000000    2.1156227
   5.0000000    0.4100000    1.2231256
  15.0000000    0.4100000    1.3076173
  25.0000000    0.4100000    1.3885733
  35.0000000    0.4100000    1.4762414
  45.0000000    0.4100000    1.5800461
  55.0000000    0.4100000    1.7105958
  70.0000000    0.4100000    2.0090782
   5.0000000    0.4200000    1.2084388
  15.0000000    0.4200000    1.2885968
  25.0000000    0.4200000    1.3644982
  35.0000000    0.4200000    1.4466244
  45.0000000    0.4200000    1.5419987
  55.0000000    0.4200000    1.6600217
  70.0000000    0.4200000    1.9187191
   5.0000000    0.4300000    1.1941050
  15.0000000    0.4300000    1.2700488
  25.0000000    0.4300000    1.3414429
  35.0000000    0.4300000    1.4184525
  45.0000000    0.4300000    1.5064271
  55.0000000    0.4300000    1.6137129
  70.0000000    0.4300000    1.8417318
   5.0000000    0.4400000    1.1799808
  15.0000000    0.4400000    1.2521383
  25.0000000    0.4400000    1.3194423
  35.0000000    0.4400000    1.3915944
  45.0000000    0.4400000    1.4726767
  55.0000000    0.4400000    1.5710446
  70.0000000    0.4400000    1.7736431
   5.0000000    0.4500000    1.1657083
  15.0000000    0.4500000    1.2345113
  25.0000000    0.4500000    1.2982007
  35.0000000    0.4500000    1.3659565
  45.0000000    0.4500000    1.4407862
  55.0000000    0.4500000    1.5314843
  70.0000000    0.4500000    1.7126407
   5.0000000    0.4600000    1.1520710
  15.0000000    0.4600000    1.2173895
  25.0000000    0.4600000    1.2776943
  35.0000000    0.4600000    1.3414080
  45.0000000    0.4600000    1.4113776
  55.0000000    0.4600000    1.4946372
  70.0000000    0.4600000    1.6577029
   5.0000000    0.4700000    1.1385638
  15.0000000    0.4700000    1.2006811
  25.0000000    0.4700000    1.2578316
  35.0000000    0.4700000    1.3179000
  45.0000000    0.4700000    1.3833951
  55.0000000    0.4700000    1.4602068
  70.0000000    0.4700000    1.6079306
   5.0000000    0.4800000    1.1252438
  15.0000000    0.4800000    1.1842854
  25.0000000    0.4800000    1.2385705
  35.0000000    0.4800000    1.2952698
  45.0000000    0.4800000    1.3567625
  55.0000000    0.4800000    1.4278177
  70.0000000    0.4800000    1.5622782
   5.0000000    0.4900000    1.1122480
  15.0000000    0.4900000    1.1682978
  25.0000000    0.4900000    1.2198447
  35.0000000    0.4900000    1.2734558
  45.0000000    0.4900000    1.3312873
  55.0000000    0.4900000    1.3972349
  70.0000000    0.4900000    1.5202031
   5.0000000    0.5000000    1.0991877
  15.0000000    0.5000000    1.1525756
  25.0000000    0.5000000    1.2014534
  35.0000000    0.5000000    1.2524208
  45.0000000    0.5000000    1.3068034
  55.0000000    0.5000000    1.3680032
  70.0000000    0.5000000    1.4812832
   5.0000000    0.5100000    1.0862276
  15.0000000    0.5100000    1.1372857
  25.0000000    0.5100000    1.1837180
  35.0000000    0.5100000    1.2320337
  45.0000000    0.5100000    1.2832797
  55.0000000    0.5100000    1.3400863
  70.0000000    0.5100000    1.4449068
   5.0000000    0.5200000    1.0735090
  15.0000000    0.5200000    1.1221667
  25.0000000    0.5200000    1.1664835
  35.0000000    0.5200000    1.2122067
  45.0000000    0.5200000    1.2606428
  55.0000000    0.5200000    1.3139313
  70.0000000    0.5200000    1.4107881
   5.0000000    0.5300000    1.0613072
  15.0000000    0.5300000    1.1077763
  25.0000000    0.5300000    1.1496754
  35.0000000    0.5300000    1.1930751
  45.0000000    0.5300000    1.2388187
  55.0000000    0.5300000    1.2888738
  70.0000000    0.5300000    1.3786323
   5.0000000    0.5400000    1.0486938
  15.0000000    0.5400000    1.0930058
  25.0000000    0.5400000    1.1332348
  35.0000000    0.5400000    1.1745158
  45.0000000    0.5400000    1.2177190
  55.0000000    0.5400000    1.2648520
  70.0000000    0.5400000    1.3482090
   5.0000000    0.5500000    1.0364644
  15.0000000    0.5500000    1.0787271
  25.0000000    0.5500000    1.1171684
  35.0000000    0.5500000    1.1564337
  45.0000000    0.5500000    1.1973071
  55.0000000    0.5500000    1.2417196
  70.0000000    0.5500000    1.3193140
   5.0000000    0.5600000    1.0241604
  15.0000000    0.5600000    1.0645109
  25.0000000    0.5600000    1.1014251
  35.0000000    0.5600000    1.1387822
  45.0000000    0.5600000    1.1775126
  55.0000000    0.5600000    1.2193733
  70.0000000    0.5600000    1.2918710
   5.0000000    0.5700000    1.0121746
  15.0000000    0.5700000    1.0507006
  25.0000000    0.5700000    1.0859903
  35.0000000    0.5700000    1.1215230
  45.0000000    0.5700000    1.1582752
  55.0000000    0.5700000    1.1978007
  70.0000000    0.5700000    1.2653850
   5.0000000    0.5800000    1.0002479
  15.0000000    0.5800000    1.0371316
  25.0000000    0.5800000    1.0708335
  35.0000000    0.5800000    1.1044619
  45.0000000    0.5800000    1.1395820
  55.0000000    0.5800000    1.1769241
  70.0000000    0.5800000    1.2400804
   5.0000000    0.5900000    0.9882669
  15.0000000    0.5900000    1.0236345
  25.0000000    0.5900000    1.0559392
  35.0000000    0.5900000    1.0878756
  45.0000000    0.5900000    1.1213425
  55.0000000    0.5900000    1.1566920
  70.0000000    0.5900000    1.2161781
   5.0000000    0.6000000    0.9763984
  15.0000000    0.6000000    1.0102052
  25.0000000    0.6000000    1.0412847
  35.0000000    0.6000000    1.0716993
  45.0000000    0.6000000    1.1034968
  55.0000000    0.6000000    1.1370502
  70.0000000    0.6000000    1.1930967
   5.0000000    0.6100000    0.9647093
  15.0000000    0.6100000    0.9970346
  25.0000000    0.6100000    1.0270331
  35.0000000    0.6100000    1.0558061
  45.0000000    0.6100000    1.0860164
  55.0000000    0.6100000    1.1178282
  70.0000000    0.6100000    1.1706814
   5.0000000    0.6200000    0.9530902
  15.0000000    0.6200000    0.9839696
  25.0000000    0.6200000    1.0127639
  35.0000000    0.6200000    1.0402664
  45.0000000    0.6200000    1.0690390
  55.0000000    0.6200000    1.0992246
  70.0000000    0.6200000    1.1491729
   5.0000000    0.6300000    0.9416894
  15.0000000    0.6300000    0.9712129
  25.0000000    0.6300000    0.9988260
  35.0000000    0.6300000    1.0249938
  45.0000000    0.6300000    1.0523947
  55.0000000    0.6300000    1.0810850
  70.0000000    0.6300000    1.1283114
   5.0000000    0.6400000    0.9301882
  15.0000000    0.6400000    0.9585573
  25.0000000    0.6400000    0.9849982
  35.0000000    0.6400000    1.0099551
  45.0000000    0.6400000    1.0358723
  55.0000000    0.6400000    1.0633635
  70.0000000    0.6400000    1.1080493
   5.0000000    0.6500000    0.9186480
  15.0000000    0.6500000    0.9459317
  25.0000000    0.6500000    0.9712423
  35.0000000    0.6500000    0.9951516
  45.0000000    0.6500000    1.0197676
  55.0000000    0.6500000    1.0460375
  70.0000000    0.6500000    1.0883602
   5.0000000    0.6600000    0.9072140
  15.0000000    0.6600000    0.9334850
  25.0000000    0.6600000    0.9576996
  35.0000000    0.6600000    0.9805766
  45.0000000    0.6600000    1.0040142
  55.0000000    0.6600000    1.0290350
  70.0000000    0.6600000    1.0691742
   5.0000000    0.6700000    0.8957961
  15.0000000    0.6700000    0.9210018
  25.0000000    0.6700000    0.9441678
  35.0000000    0.6700000    0.9661918
  45.0000000    0.6700000    0.9885511
  55.0000000    0.6700000    1.0123533
  70.0000000    0.6700000    1.0504684
   5.0000000    0.6800000    0.8846473
  15.0000000    0.6800000    0.9088860
  25.0000000    0.6800000    0.9310389
  35.0000000    0.6800000    0.9519824
  45.0000000    0.6800000    0.9733220
  55.0000000    0.6800000    0.9960197
  70.0000000    0.6800000    1.0321963
   5.0000000    0.6900000    0.8733745
  15.0000000    0.6900000    0.8966063
  25.0000000    0.6900000    0.9177652
  35.0000000    0.6900000    0.9379522
  45.0000000    0.6900000    0.9583250
  55.0000000    0.6900000    0.9797000
  70.0000000    0.6900000    1.0143138
   5.0000000    0.7000000    0.8620156
  15.0000000    0.7000000    0.8843023
  25.0000000    0.7000000    0.9044766
  35.0000000    0.7000000    0.9240696
  45.0000000    0.7000000    0.9435265
  55.0000000    0.7000000    0.9637976
  70.0000000    0.7000000    0.9967946
   5.0000000    0.7100000    0.8509754
  15.0000000    0.7100000    0.8723747
  25.0000000    0.7100000    0.8916177
  35.0000000    0.7100000    0.9104122
  45.0000000    0.7100000    0.9289130
  55.0000000    0.7100000    0.9482319
  70.0000000    0.7100000    0.9796207
   5.0000000    0.7200000    0.8398444
  15.0000000    0.7200000    0.8604202
  25.0000000    0.7200000    0.8787677
  35.0000000    0.7200000    0.8971088
  45.0000000    0.7200000    0.9144791
  55.0000000    0.7200000    0.9328906
  70.0000000    0.7200000    0.9627531
   5.0000000    0.7300000    0.8284161
  15.0000000    0.7300000    0.8482292
  25.0000000    0.7300000    0.8656898
  35.0000000    0.7300000    0.8834097
  45.0000000    0.7300000    0.9002070
  55.0000000    0.7300000    0.9177530
  70.0000000    0.7300000    0.9461739
   5.0000000    0.7400000    0.8174403
  15.0000000    0.7400000    0.8365275
  25.0000000    0.7400000    0.8531672
  35.0000000    0.7400000    0.8702839
  45.0000000    0.7400000    0.8860681
  55.0000000    0.7400000    0.9028007
  70.0000000    0.7400000    0.9298617
   5.0000000    0.7500000    0.8062145
  15.0000000    0.7500000    0.8245199
  25.0000000    0.7500000    0.8403669
  35.0000000    0.7500000    0.8568912
  45.0000000    0.7500000    0.8720752
  55.0000000    0.7500000    0.8880174
  70.0000000    0.7500000    0.9137585
   5.0000000    0.7600000    0.7949061
  15.0000000    0.7600000    0.8124478
  25.0000000    0.7600000    0.8275335
  35.0000000    0.7600000    0.8434842
  45.0000000    0.7600000    0.8581946
  55.0000000    0.7600000    0.8733997
  70.0000000    0.7600000    0.8976176
   5.0000000    0.7700000    0.7841982
  15.0000000    0.7700000    0.8010641
  25.0000000    0.7700000    0.8154480
  35.0000000    0.7700000    0.8308505
  45.0000000    0.7700000    0.8444020
  55.0000000    0.7700000    0.8589322
  70.0000000    0.7700000    0.8818767
   5.0000000    0.7800000    0.7726456
  15.0000000    0.7800000    0.7888025
  25.0000000    0.7800000    0.8024913
  35.0000000    0.7800000    0.8173446
  45.0000000    0.7800000    0.8307112
  55.0000000    0.7800000    0.8445724
  70.0000000    0.7800000    0.8663987
   5.0000000    0.7900000    0.7615617
  15.0000000    0.7900000    0.7770889
  25.0000000    0.7900000    0.7901279
  35.0000000    0.7900000    0.8044725
  45.0000000    0.7900000    0.8171608
  55.0000000    0.7900000    0.8303356
  70.0000000    0.7900000    0.8511051
   5.0000000    0.8000000    0.7500787
  15.0000000    0.8000000    0.7649992
  25.0000000    0.8000000    0.7774011
  35.0000000    0.8000000    0.7912265
  45.0000000    0.8000000    0.8037144
  55.0000000    0.8000000    0.8161386
  70.0000000    0.8000000    0.8359495
   5.0000000    0.8100000    0.7390996
  15.0000000    0.8100000    0.7534332
  25.0000000    0.8100000    0.7652459
  35.0000000    0.8100000    0.7785838
  45.0000000    0.8100000    0.7906306
  55.0000000    0.8100000    0.8020858
  70.0000000    0.8100000    0.8209283
   5.0000000    0.8200000    0.7277226
  15.0000000    0.8200000    0.7414514
  25.0000000    0.8200000    0.7526942
  35.0000000    0.8200000    0.7655445
  45.0000000    0.8200000    0.7771278
  55.0000000    0.8200000    0.7880865
  70.0000000    0.8200000    0.8061050
   5.0000000    0.8300000    0.7162290
  15.0000000    0.8300000    0.7293644
  25.0000000    0.8300000    0.7400530
  35.0000000    0.8300000    0.7524188
  45.0000000    0.8300000    0.7635517
  55.0000000    0.8300000    0.7741629
  70.0000000    0.8300000    0.7912905
   5.0000000    0.8400000    0.7049613
  15.0000000    0.8400000    0.7175227
  25.0000000    0.8400000    0.7276793
  35.0000000    0.8400000    0.7395639
  45.0000000    0.8400000    0.7502666
  55.0000000    0.8400000    0.7602398
  70.0000000    0.8400000    0.7765155
   5.0000000    0.8500000    0.6933334
  15.0000000    0.8500000    0.7053303
  25.0000000    0.8500000    0.7149741
  35.0000000    0.8500000    0.7263654
  45.0000000    0.8500000    0.7366941
  55.0000000    0.8500000    0.7466045
  70.0000000    0.8500000    0.7618710
   5.0000000    0.8600000    0.6819158
  15.0000000    0.8600000    0.6933921
  25.0000000    0.8600000    0.7025728
  35.0000000    0.8600000    0.7134477
  45.0000000    0.8600000    0.7234380
  55.0000000    0.8600000    0.7329520
  70.0000000    0.8600000    0.7472916
   5.0000000    0.8700000    0.6702866
  15.0000000    0.8700000    0.6812710
  25.0000000    0.8700000    0.6900110
  35.0000000    0.8700000    0.7003437
  45.0000000    0.8700000    0.7100396
  55.0000000    0.8700000    0.7191382
  70.0000000    0.8700000    0.7327449
   5.0000000    0.8800000    0.6588616
  15.0000000    0.8800000    0.6693534
  25.0000000    0.8800000    0.6777079
  35.0000000    0.8800000    0.6874723
  45.0000000    0.8800000    0.6969021
  55.0000000    0.8800000    0.7056164
  70.0000000    0.8800000    0.7182573
   5.0000000    0.8900000    0.6468623
  15.0000000    0.8900000    0.6568406
  25.0000000    0.8900000    0.6648210
  35.0000000    0.8900000    0.6740260
  45.0000000    0.8900000    0.6831753
  55.0000000    0.8900000    0.6914998
  70.0000000    0.8900000    0.7037401
   5.0000000    0.9000000    0.6348249
  15.0000000    0.9000000    0.6443061
  25.0000000    0.9000000    0.6519304
  35.0000000    0.9000000    0.6605960
  45.0000000    0.9000000    0.6694685
  55.0000000    0.9000000    0.6774248
  70.0000000    0.9000000    0.6892248
   5.0000000    0.9100000    0.6228920
  15.0000000    0.9100000    0.6318995
  25.0000000    0.9100000    0.6391839
  35.0000000    0.9100000    0.6473543
  45.0000000    0.9100000    0.6559400
  55.0000000    0.9100000    0.6635415
  70.0000000    0.9100000    0.6749341
   5.0000000    0.9200000    0.6107726
  15.0000000    0.9200000    0.6193251
  25.0000000    0.9200000    0.6262795
  35.0000000    0.9200000    0.6339716
  45.0000000    0.9200000    0.6422743
  55.0000000    0.9200000    0.6495415
  70.0000000    0.9200000    0.6604244
   5.0000000    0.9300000    0.5986423
  15.0000000    0.9300000    0.6067715
  25.0000000    0.9300000    0.6134133
  35.0000000    0.9300000    0.6206473
  45.0000000    0.9300000    0.6286579
  55.0000000    0.9300000    0.6356070
  70.0000000    0.9300000    0.6459736
