#
#   Mass - radius relations for carbon core WDs with:
#   a helium envelope:    M_{He}/M_{*} = 10^{-2}
#   in units of WD stellar mass.
#
#   T_{eff}:   effective temperature (in 10^3 K)
#   M/Mo:      stellar mass in units of solar masses
#   100 R/Ro:  100 x [stellar radius in units of solar radius]
#
# T_{eff}[10^3 K]   M/Mo     100 R/Ro
#
   5.0000000    0.3000000    1.7152536
   5.0000000    0.3100000    1.6912864
   5.0000000    0.3200000    1.6682748
   5.0000000    0.3300000    1.6460342
   5.0000000    0.3400000    1.6246351
   5.0000000    0.3500000    1.6038655
   5.0000000    0.3600000    1.5838219
   5.0000000    0.3700000    1.5643419
   5.0000000    0.3800000    1.5454823
   5.0000000    0.3900000    1.5270840
   5.0000000    0.4000000    1.5093134
   5.0000000    0.4100000    1.4917862
   5.0000000    0.4200000    1.4747801
   5.0000000    0.4300000    1.4581697
   5.0000000    0.4400000    1.4419284
   5.0000000    0.4500000    1.4260554
   5.0000000    0.4600000    1.4103434
   5.0000000    0.4800000    1.3800073
   5.0000000    0.5000000    1.3509643
   5.0000000    0.5200000    1.3233687
   5.0000000    0.5400000    1.2960467
   5.0000000    0.5600000    1.2695263
   5.0000000    0.5800000    1.2437522
   5.0000000    0.6000000    1.2187362
   5.0000000    0.6200000    1.1946284
   5.0000000    0.6400000    1.1706959
   5.0000000    0.6600000    1.1469114
   5.0000000    0.6800000    1.1238904
   5.0000000    0.7000000    1.1015964
   5.0000000    0.7200000    1.0793102
   5.0000000    0.7400000    1.0570728
   5.0000000    0.7600000    1.0351999
   5.0000000    0.7800000    1.0140390
   5.0000000    0.8000000    0.9923995
   5.0000000    0.8200000    0.9712590
   5.0000000    0.8400000    0.9502719
   5.0000000    0.8600000    0.9293884
   5.0000000    0.8800000    0.9085916
   5.0000000    0.9000000    0.8879953
   5.0000000    0.9200000    0.8671773
   5.0000000    0.9400000    0.8466500
   5.0000000    0.9600000    0.8258857
   5.0000000    0.9800000    0.8048378
   5.0000000    1.0000001    0.7840172
   5.0000000    1.0200001    0.7631856
   5.0000000    1.0400001    0.7417577
   5.0000000    1.0600001    0.7204710
   5.0000000    1.0800001    0.6988036
   5.0000000    1.1000000    0.6772560
   5.0000000    1.1250000    0.6491471
   5.0000000    1.1500000    0.6207061

  15.0000000    0.3000000    1.9325033
  15.0000000    0.3100000    1.8894997
  15.0000000    0.3200000    1.8498642
  15.0000000    0.3300000    1.8130544
  15.0000000    0.3400000    1.7789274
  15.0000000    0.3500000    1.7469107
  15.0000000    0.3600000    1.7167257
  15.0000000    0.3700000    1.6883220
  15.0000000    0.3800000    1.6613101
  15.0000000    0.3900000    1.6355534
  15.0000000    0.4000000    1.6113594
  15.0000000    0.4100000    1.5875384
  15.0000000    0.4200000    1.5650148
  15.0000000    0.4300000    1.5432842
  15.0000000    0.4400000    1.5223925
  15.0000000    0.4500000    1.5020793
  15.0000000    0.4600000    1.4825376
  15.0000000    0.4800000    1.4452139
  15.0000000    0.5000000    1.4104980
  15.0000000    0.5200000    1.3770741
  15.0000000    0.5400000    1.3451360
  15.0000000    0.5600000    1.3145800
  15.0000000    0.5800000    1.2851223
  15.0000000    0.6000000    1.2566756
  15.0000000    0.6200000    1.2291184
  15.0000000    0.6400000    1.2023889
  15.0000000    0.6600000    1.1763928
  15.0000000    0.6800000    1.1510995
  15.0000000    0.7000000    1.1263928
  15.0000000    0.7200000    1.1021536
  15.0000000    0.7400000    1.0784061
  15.0000000    0.7600000    1.0550674
  15.0000000    0.7800000    1.0320894
  15.0000000    0.8000000    1.0094440
  15.0000000    0.8200000    0.9870369
  15.0000000    0.8400000    0.9648764
  15.0000000    0.8600000    0.9429259
  15.0000000    0.8800000    0.9211309
  15.0000000    0.9000000    0.8994674
  15.0000000    0.9200000    0.8778892
  15.0000000    0.9400000    0.8563573
  15.0000000    0.9600000    0.8348557
  15.0000000    0.9800000    0.8133427
  15.0000000    1.0000001    0.7918551
  15.0000000    1.0200001    0.7701712
  15.0000000    1.0400001    0.7482349
  15.0000000    1.0600001    0.7254378
  15.0000000    1.0800001    0.7031036
  15.0000000    1.1000000    0.6816073
  15.0000000    1.1250000    0.6529433
  15.0000000    1.1500000    0.6239817
  15.0000000    1.1750000    0.5939339

  25.0000000    0.3000000    2.4006967
  25.0000000    0.3100000    2.3004567
  25.0000000    0.3200000    2.2138642
  25.0000000    0.3300000    2.1387789
  25.0000000    0.3400000    2.0721585
  25.0000000    0.3500000    2.0125558
  25.0000000    0.3600000    1.9587107
  25.0000000    0.3700000    1.9096466
  25.0000000    0.3800000    1.8646737
  25.0000000    0.3900000    1.8230319
  25.0000000    0.4000000    1.7849431
  25.0000000    0.4100000    1.7476380
  25.0000000    0.4200000    1.7137368
  25.0000000    0.4300000    1.6820197
  25.0000000    0.4400000    1.6518827
  25.0000000    0.4500000    1.6232503
  25.0000000    0.4600000    1.5960713
  25.0000000    0.4800000    1.5454478
  25.0000000    0.5000000    1.4997187
  25.0000000    0.5200000    1.4568768
  25.0000000    0.5400000    1.4169668
  25.0000000    0.5600000    1.3794778
  25.0000000    0.5800000    1.3440492
  25.0000000    0.6000000    1.3103930
  25.0000000    0.6200000    1.2782395
  25.0000000    0.6400000    1.2474134
  25.0000000    0.6600000    1.2177478
  25.0000000    0.6800000    1.1890983
  25.0000000    0.7000000    1.1614378
  25.0000000    0.7200000    1.1344441
  25.0000000    0.7400000    1.1082039
  25.0000000    0.7600000    1.0825889
  25.0000000    0.7800000    1.0575349
  25.0000000    0.8000000    1.0330089
  25.0000000    0.8200000    1.0088398
  25.0000000    0.8400000    0.9850733
  25.0000000    0.8600000    0.9616226
  25.0000000    0.8800000    0.9384550
  25.0000000    0.9000000    0.9155206
  25.0000000    0.9200000    0.8927430
  25.0000000    0.9400000    0.8701152
  25.0000000    0.9600000    0.8475831
  25.0000000    0.9800000    0.8251045
  25.0000000    1.0000001    0.8027476
  25.0000000    1.0200001    0.7802089
  25.0000000    1.0400001    0.7576437
  25.0000000    1.0600001    0.7349594
  25.0000000    1.0800001    0.7121003
  25.0000000    1.1000000    0.6890055
  25.0000000    1.1250000    0.6597261
  25.0000000    1.1500000    0.6298216
  25.0000000    1.1750000    0.5991685

  35.0000000    0.3100000    3.3444445
  35.0000000    0.3200000    2.9540926
  35.0000000    0.3300000    2.7228756
  35.0000000    0.3400000    2.5577652
  35.0000000    0.3500000    2.4234961
  35.0000000    0.3600000    2.3119785
  35.0000000    0.3700000    2.2174868
  35.0000000    0.3800000    2.1364993
  35.0000000    0.3900000    2.0647008
  35.0000000    0.4000000    2.0016125
  35.0000000    0.4100000    1.9431896
  35.0000000    0.4200000    1.8911734
  35.0000000    0.4300000    1.8438908
  35.0000000    0.4400000    1.8003924
  35.0000000    0.4500000    1.7601266
  35.0000000    0.4600000    1.7226646
  35.0000000    0.4800000    1.6546653
  35.0000000    0.5000000    1.5946088
  35.0000000    0.5200000    1.5399766
  35.0000000    0.5400000    1.4903372
  35.0000000    0.5600000    1.4445655
  35.0000000    0.5800000    1.4022347
  35.0000000    0.6000000    1.3628138
  35.0000000    0.6200000    1.3257809
  35.0000000    0.6400000    1.2907639
  35.0000000    0.6600000    1.2574723
  35.0000000    0.6800000    1.2256794
  35.0000000    0.7000000    1.1952666
  35.0000000    0.7200000    1.1657746
  35.0000000    0.7400000    1.1372946
  35.0000000    0.7600000    1.1096516
  35.0000000    0.7800000    1.0827322
  35.0000000    0.8000000    1.0564811
  35.0000000    0.8200000    1.0306763
  35.0000000    0.8400000    1.0053738
  35.0000000    0.8600000    0.9804840
  35.0000000    0.8800000    0.9559381
  35.0000000    0.9000000    0.9317269
  35.0000000    0.9200000    0.9077453
  35.0000000    0.9400000    0.8839923
  35.0000000    0.9600000    0.8604174
  35.0000000    0.9800000    0.8369674
  35.0000000    1.0000001    0.8137261
  35.0000000    1.0200001    0.7903373
  35.0000000    1.0400001    0.7669698
  35.0000000    1.0600001    0.7435356
  35.0000000    1.0800001    0.7199737
  35.0000000    1.1000000    0.6962129
  35.0000000    1.1250000    0.6661613
  35.0000000    1.1500000    0.6355639
  35.0000000    1.1750000    0.6042631

  45.0000000    0.3600000    3.4848880
  45.0000000    0.3700000    2.9496400
  45.0000000    0.3800000    2.7028212
  45.0000000    0.3900000    2.5209756
  45.0000000    0.4000000    2.3801123
  45.0000000    0.4100000    2.2621992
  45.0000000    0.4200000    2.1646353
  45.0000000    0.4300000    2.0816075
  45.0000000    0.4400000    2.0096631
  45.0000000    0.4500000    1.9462044
  45.0000000    0.4600000    1.8901809
  45.0000000    0.4800000    1.7942359
  45.0000000    0.5000000    1.7114901
  45.0000000    0.5200000    1.6403145
  45.0000000    0.5400000    1.5772653
  45.0000000    0.5600000    1.5207350
  45.0000000    0.5800000    1.4692390
  45.0000000    0.6000000    1.4221246
  45.0000000    0.6200000    1.3785695
  45.0000000    0.6400000    1.3378357
  45.0000000    0.6600000    1.2995286
  45.0000000    0.6800000    1.2633861
  45.0000000    0.7000000    1.2292976
  45.0000000    0.7200000    1.1966398
  45.0000000    0.7400000    1.1655108
  45.0000000    0.7600000    1.1355835
  45.0000000    0.7800000    1.1067022
  45.0000000    0.8000000    1.0787634
  45.0000000    0.8200000    1.0514820
  45.0000000    0.8400000    1.0249020
  45.0000000    0.8600000    0.9989057
  45.0000000    0.8800000    0.9733749
  45.0000000    0.9000000    0.9482619
  45.0000000    0.9200000    0.9234385
  45.0000000    0.9400000    0.8988872
  45.0000000    0.9600000    0.8745319
  45.0000000    0.9800000    0.8503001
  45.0000000    1.0000001    0.8262684
  45.0000000    1.0200001    0.8020244
  45.0000000    1.0400001    0.7777987
  45.0000000    1.0600001    0.7535053
  45.0000000    1.0800001    0.7291124
  45.0000000    1.1000000    0.7045735
  45.0000000    1.1250000    0.6736232
  45.0000000    1.1500000    0.6422001
  45.0000000    1.1750000    0.6101451

  55.0000000    0.4100000    3.3498356
  55.0000000    0.4200000    2.8123045
  55.0000000    0.4300000    2.5857249
  55.0000000    0.4400000    2.4130460
  55.0000000    0.4500000    2.2757086
  55.0000000    0.4600000    2.1744632
  55.0000000    0.5000000    1.8704981
  55.0000000    0.5200000    1.7686609
  55.0000000    0.5400000    1.6836020
  55.0000000    0.5600000    1.6108887
  55.0000000    0.5800000    1.5471171
  55.0000000    0.6000000    1.4901407
  55.0000000    0.6200000    1.4384653
  55.0000000    0.6400000    1.3908894
  55.0000000    0.6600000    1.3468399
  55.0000000    0.6800000    1.3059663
  55.0000000    0.7000000    1.2677225
  55.0000000    0.7200000    1.2312276
  55.0000000    0.7400000    1.1966324
  55.0000000    0.7600000    1.1636542
  55.0000000    0.7800000    1.1320727
  55.0000000    0.8000000    1.1016873
  55.0000000    0.8200000    1.0722893
  55.0000000    0.8400000    1.0438969
  55.0000000    0.8600000    1.0163187
  55.0000000    0.8800000    0.9894528
  55.0000000    0.9000000    0.9631483
  55.0000000    0.9200000    0.9372819
  55.0000000    0.9400000    0.9118375
  55.0000000    0.9600000    0.8867110
  55.0000000    0.9800000    0.8618386
  55.0000000    1.0000001    0.8372940
  55.0000000    1.0200001    0.8126249
  55.0000000    1.0400001    0.7880852
  55.0000000    1.0600001    0.7635257
  55.0000000    1.0800001    0.7388753
  55.0000000    1.1000000    0.7139960
  55.0000000    1.1250000    0.6825040
  55.0000000    1.1500000    0.6502922
  55.0000000    1.1750000    0.6172729

  70.0000000    0.5000000    2.3483572
  70.0000000    0.5200000    2.0989872
  70.0000000    0.5400000    1.9342968
  70.0000000    0.5600000    1.8087391
  70.0000000    0.5800000    1.7080417
  70.0000000    0.6000000    1.6231529
  70.0000000    0.6200000    1.5509370
  70.0000000    0.6400000    1.4875073
  70.0000000    0.6600000    1.4308542
  70.0000000    0.6800000    1.3795062
  70.0000000    0.7000000    1.3330388
  70.0000000    0.7200000    1.2892792
  70.0000000    0.7400000    1.2486495
  70.0000000    0.7600000    1.2106941
  70.0000000    0.7800000    1.1748987
  70.0000000    0.8000000    1.1401458
  70.0000000    0.8200000    1.1071370
  70.0000000    0.8400000    1.0754721
  70.0000000    0.8600000    1.0450150
  70.0000000    0.8800000    1.0155643
  70.0000000    0.9000000    0.9867655
  70.0000000    0.9200000    0.9587611
  70.0000000    0.9400000    0.9314518
  70.0000000    0.9600000    0.9046805
  70.0000000    0.9800000    0.8783767
  70.0000000    1.0000001    0.8525307
  70.0000000    1.0200001    0.8267077
  70.0000000    1.0400001    0.8011689
  70.0000000    1.0600001    0.7757584
  70.0000000    1.0800001    0.7503729
  70.0000000    1.1000000    0.7248252
  70.0000000    1.1250000    0.6928054
  70.0000000    1.1500000    0.6604026
  70.0000000    1.1750000    0.6274418

  85.0000000    0.5600000    2.2333071
  85.0000000    0.5800000    1.9916510
  85.0000000    0.6000000    1.8286814
  85.0000000    0.6200000    1.7131834
  85.0000000    0.6400000    1.6205752
  85.0000000    0.6600000    1.5425845
  85.0000000    0.6800000    1.4745947
  85.0000000    0.7000000    1.4173614
  85.0000000    0.7200000    1.3618225
  85.0000000    0.7400000    1.3126740
  85.0000000    0.7600000    1.2675416
  85.0000000    0.8000000    1.1847400
  85.0000000    0.8200000    1.1466158
  85.0000000    0.8400000    1.1110510
  85.0000000    0.8600000    1.0772999
  85.0000000    0.8800000    1.0450491
  85.0000000    0.9000000    1.0129758
  85.0000000    0.9200000    0.9824730
  85.0000000    0.9400000    0.9529841
  85.0000000    0.9600000    0.9242724
  85.0000000    0.9800000    0.8962904
  85.0000000    1.0000001    0.8688155
  85.0000000    1.0200001    0.8413662
  85.0000000    1.0400001    0.8145048
  85.0000000    1.0600001    0.7879329
  85.0000000    1.0800001    0.7615528
  85.0000000    1.1000000    0.7349280
  85.0000000    1.1250000    0.7018980
  85.0000000    1.1500000    0.6686307
  85.0000000    1.1750000    0.6349263

 100.0000000    0.6000000    2.4349346
 100.0000000    0.6200000    2.0255266
 100.0000000    0.6400000    1.8374743
 100.0000000    0.6600000    1.7072586
 100.0000000    0.6800000    1.6055879
 100.0000000    0.7000000    1.5423941
 100.0000000    0.7200000    1.4553000
 100.0000000    0.7400000    1.3982199
 100.0000000    0.8000000    1.2420594
 100.0000000    0.8200000    1.1954815
 100.0000000    0.8400000    1.1544135
 100.0000000    0.8600000    1.1161856
 100.0000000    0.9000000    1.0435146
 100.0000000    0.9200000    1.0097137
 100.0000000    0.9400000    0.9774974
 100.0000000    0.9600000    0.9464544
 100.0000000    0.9800000    0.9165772
 100.0000000    1.0000001    0.8877823
 100.0000000    1.0200001    0.8574370
 100.0000000    1.0400001    0.8289426
 100.0000000    1.0600001    0.8010136
 100.0000000    1.0800001    0.7734882
 100.0000000    1.1000000    0.7453109
 100.0000000    1.1250000    0.7110611
 100.0000000    1.1500000    0.6767295
 100.0000000    1.1750000    0.6421093

 115.0000000    0.8000000    1.3089354
 115.0000000    0.8200000    1.2428893
 115.0000000    0.9000000    1.0843902
 115.0000000    0.9200000    1.0400513
 115.0000000    0.9400000    1.0068464
 115.0000000    0.9600000    0.9734755
 115.0000000    1.0000001    0.9089229
 115.0000000    1.0200001    0.8763209
 115.0000000    1.0400001    0.8452229
 115.0000000    1.0600001    0.8161676
 115.0000000    1.1000000    0.7566353
 115.0000000    1.1250000    0.7208202
 115.0000000    1.1500000    0.6851362
 115.0000000    1.1750000    0.6493954

 130.0000000    0.9200000    1.0704308
 130.0000000    1.0000001    0.9408053
 130.0000000    1.0200001    0.8925386
 130.0000000    1.0400001    0.8642475
 130.0000000    1.1000000    0.7693715
 130.0000000    1.1250000    0.7316715
 130.0000000    1.1500000    0.6944273
 130.0000000    1.1750000    0.6573607

 145.0000000    1.1000000    0.7846813
 145.0000000    1.1250000    0.7440802
 145.0000000    1.1500000    0.7047996
 145.0000000    1.1750000    0.6662005

